inertia_parameters:
  base_link_mass: 8.66
  link_1_mass: 9.62
  link_2_mass: 9.865
  link_3_mass: 7.492
  link_4_mass: 7.09
  link_5_mass: 2.45
  link_6_mass: 1.23

  links:
    base_link:
      ixx: 0.00865396
      iyy: 0.0057294
      izz: 0.00975485
    link_1:
      ixx: 0.0489108039022503
      iyy: 0.038370593540088
      izz: 0.0522121642769911
    link_2:
      ixx: 0.609923712050298
      iyy: 0.0385097671170806
      izz: 0.617803845441985
    link_3:
      ixx: 0.0181557035426496
      iyy: 0.0346916391676837
      izz: 0.037776951242458
    link_4:
      ixx: 0.0283133115058557
      iyy: 0.15625788909506
      izz: 0.163792683235523
    link_5:
      ixx: 0.00667288072123254
      iyy: 0.00503543168148481
      izz: 0.00841044585602456
    link_6:
      ixx: 0.00390274036654823
      iyy: 0.00286930887521153
      izz: 0.00403512413298348
